4.29027 4.29027 8.58053 2.11201 0.607518 0.115814
-3.6099 -3.6099 -5.41486 -2.31052 -1.28966 0.0736481
-1.90136 -1.90136 -2.85204 -1.45678 -0.796273 0.105897
1.17314 1.17314 1.7597 1.20224 0.835687 0.178697
6.08539 6.08539 9.12809 3.97942 2.11997 0.231407
-3.11805 -3.11805 -4.67707 -1.7949 -0.68132 0.165855
-3.44588 -3.44588 -5.16882 -2.19644 -0.972047 0.166644
4.02202 4.02202 6.03303 2.47551 1.28603 0.240413
0.809569 0.809569 1.21435 0.867666 0.725194 0.237787
-1.17999 -1.17999 -2.35998 -0.504264 0.0774314 0.223609
